10001111111000010000011001101000010101011001011101110111011001101001011010111101011101000100
0101111000101101110101000011111110000101100110110111110110111001101110001011100
00001011001110000111010110011001111010111000
10100101000110111110110010010011001
111100100111111000111011110101100110001100100100110001011111000011101111010000100110101001101001
10101010010000001001010101010000010101010110000110001110000100110001110000101101100
00110011101100011100101100000011000110001110011111001000110011101000111100001001001
1011101010111010101001111110100111011001111100101001101011110101001111100110110100111011100000
100101011001001010110011010010111000100000111111111110111100001001110111000
1000010100101011011101111111011100101110001
0000001101010010110100000110100000101111000
0011001011011111101
0111111111011101000100001101011110101011000000110001
0001010000011010001101011011
000001000100001011001100100110011000100100101011011110111101001101110010111000100001110100011111000
0110001110010110011101011101001100111010001011000000010110110000111100111011010111110100011011
1011011100
00101010011001111000110011010101011100010000100010011
1010000111011
011010010111001100100100001110010101011000000111000010101001
0011001101011111011010010101100000001011101011100011111111011011000110001101010001011011010111
101101111000110100100111101101010111000101111010110111000
101000101101110100001101100011010110000
001110101001000000011101100111011110011110111001100101111111010101101100101011111101110010011
1011010011011100001101110110100111000010
0000110101100010110111010011000001010100100111010110111110011011010100110
10100011001011010000111001011
10111110001100001111110111010111110010100101111011001110001010000111110011110011101001110010001011
10110100110101110110001001001100000111010101101110101100000101101010101
000111111101111010111110001111000001010000111111000010
10000100101011111111101010100101101011000010110000
101111001110011111000111011101111011100010010101111000100110110111111
01101000001001000001111011110111111100110010101100011100111
100010010001011110100111111101100101111000
011011100001101100110010110101010001111111011000101010110111010011100100
01001010000000110011100
100000110011111110100111111111001001100010001001001000100110010000001110
0110011010001000100010010
00
10001110100001100101010
1101101010101100001111111010011011010010000110010000100
11011101100111101110111000010001001000001111100101010100111011010000001
1001101011110000011110100001110111001010000001100111110111101111
111100
10010011110010111110101000001100000110111001010000110110111100010
11011100000000000000100111000100101010101110011110100110
001111110010010001100101101001
0000011111
00100011000100010010011100111001101001100110111001000110110001111000110111001110010
10000011011100101101110100010001010110010111000100000110110011011001011101
011100100111001100111111011110011101100110100
001111100111000110000110001001000000110011001000010001010011100101011
0111000011010001101011011101110010110101
01000110101111110011
0001010001011101110101111000111001000111100001100111110110100
01111000101000001101000001010011011001001111100011
1000101100001110
100111000010000001100111000110101010100111010010100111000010110010110100110100010111101110010111100
0011110110110110
00111110
100000111001101110010101011101101101010
011101001010011000111100101110101010011110100110
0000110111101100001110011110000000101100100111001
010111111111100011
10010010011001111100111101011001110000100110011101000100001101010000000001110100111011
01010100010001
101101101011101001001111111000111110100001011111001101010011011101100011010011111
010000010011011100
111000001110110010011111100001101111011101110100101100011011010010101110101100000
10001111001100001111111100
1111111111011001111100
11111000000000011011001101111100110011110001010011000101101001110001
110101001101100010001111100000101100101110000111000001000110010100001000110110
1001001001101011001111011001111111000011111000000010000000101
101110100011101100
101110010110000000101100010000100100110101011100101001011011000000000
100101010111010001000011000100111011
10101010001100011010011010111000101001100101000100101110001010
10
101111010100101010110000100100100111001110100111110001011000101011101011101001001000001000001
110011111000011111000010010111
10111001000100100111110
11101000
1100
1001111110110011110110111011010111000000111001010100100110010100001011010000
111010110010000011100101110110100001010001110101
110
00101011011
001001001111
001011100101011110001110100001010010011100000001011000000010110
01
11100011110111111110100101111101100101101101011000001000011001100100
11101001010011
1110110101101000010101110
101111111010111001010001010010111110011110000011110000000010001110001010000000101110001101
100011110
001011101001111011000111010101000100011111110011110001011100101101111
000111001001010001110001110010100110010100101010110
100110011001000010001
0011011001110000000010100111001010000001101100000001111000011101101
