11101001101110100110111100111011011000101
1001101110001
10001001110000011101011011010101000111110101010101011011001100111011111011011011100101110011000010
0101011010010101110111010010111101000010110011010011100010101011010011110010111001011001010100001111
1101010110011001111000100110001111100100110000011001000110011100001001
1000110001101010011001
00101001001111110010100101100011101100100010000100101100111100100101101010100
101010100110000001111011000100010010001000001101010101111001110101100110110101111111101001100
01110001100000000001001100111100010100100111110000110011
010111110001111110001111101101100001011000101010110001011010101101101100100110
1111110101001101110101
0000011011011011010101111111000010101011101100010001011110001001001
01000011101001110011000001110011101111001001011101111111
0011100111011010101000110100000111100111111101111100101101010000010111010110001000101011
111001
10000000101011101011000110011110100110010001111000110
100100000110111111010000010100010100011001110111100110101000100101000101010011110010111000
11100110000100000100000111010111110011001110011001100100101011110111111111100111011001010110110
00100000010111110101111000101111000110100001101110011000001110101011001
110010111110100111110
0111110101010111100000000000010101001100111100011111011010001000001101010111111101
1010
0
0000010111011010000100100110000010000001101110101111000100101100000001110011100000001110100
111010011000000100010000011011100101000001101011101000110001001101111111110010110000101010110
0111010010101100110110101011101100110101100101111001000100110000001010001
1111000010011111101110001110101
11000100010101011010110011101011101101101111100101000011100111010100010101000
01000001000010
000000011010010101000101001111111000011000011111110101111
1000001011100111001100001101010001101101000
01010110101110100000101111101000010001101110000011100111000011100100110111110001111001001
0011111001100001001000001111100
110011110011011100010111001011010100000110001001001110100011
10011100110010110110011010111011100110010000100010101110101001000110000100000110111011
10101011001100110011101110101100
0010011100000010001000100001010001101000011010000101000111100010011000111100010110001010000000101
101
0010011100010110110110110101010101000100000101100000110110111111101100010011111100110111001011
0111011000010011000010110100011011111000001101101000100000100100101000011001110001
01001110110001001101001100011000001001100000101
1110101110110011100011110001111110001011111001101000100101
00000001001
11101101011001100001010010111000001000101110111101011001101110011111111101000101000100100110111
1010011001010101011010111111010111111000
111111100111010100001100110100000010010011110101111101010110
0101110101010111111111101011110101101000010001000000110110001111000100100010111001010011
0000100010000
001011110001011001000011010011010010110110011001110100110001
010111001111110000010101001010111
001101011011110001101110111111001011101110011110101110000000110010111011001101100000110111
101101101011100101011000001100000000101000001011000010110111011001100
010011001101011110010110000100010100101110101101011110100111111010000
0110011011110101111000001111101
01010011100000010011011101000011101010010
111011110001100011000001110001
011110100111010101100101010100101111001010111010110011111101001101010001101110001101011111000
11010001101100110101001010010101110011011101100100011110000101000111010010100100001010
111010001010011110110010100100110100000100010111001111
1000101011001001101111101001001101011100010100110001000001101110011111101101111110110110110010011
1101101000100111111100011000000101000000100
1100100
1111000001001110101001110101001111101010111101000100111001101000010000100000
11101001101111111001100110100110011011000110101111011101011110110110010110001111110101100000
01010011111100011100100100110101010100110100100011101011010011101010000001010011001010110100000
0001010010100100010
1001011010100001110110110111001110101111110111110011111000111011110111111110011011000011010010010001
0111110000010011110011010000110111011011111100111100110110010
101111011010110011011101000001001010010110111101111
1111011111101101000110
01001000001001001011000111101011111100010111011011011010001110100011001001000100100111
011011111010110001011010111101000001000001111000000011100100100101001
1011100110001111100111000111101010101000010001100010000111000
11101000100011110110111
111110110001001010101100010000101011000111111100101001110111110001101011111111010
100000111001110101010111000100110100111111110110101000000011110100100100010000110
011100101111000011
1000100110100101111111111000100100101100
1111000101100100100001100
1110011100010110101100111100110111010100101100110011100101101000011100100100010101100
1001000001001110000010000111001100001110111001001000100010001101000010001000010100100000111011
000100000110100000111101110100111110111001111111011101100000011101001111101011001101100100000010
010000011000011101110011011110001100110110101101010001000000000111111100
1110010011111010101010011011101100010000011101100011011001110110
10001010110000001111010011000101011111111000011100010001110
1000000000001111011011100101011101
01101
1011001011001001000
0000110
0010100100010010010110011000001100001110111010111000001110101101011
110010111111101110111011100010011100011011110100110101000100110100010101010011101000110101010
1000001111011000011010110001011000000110011101101110110110
0100
01001010001010100111001100111100001000100011111001011010011000011100000001100010111110
1000100111101000100110100001101000111001101101000
01001001000011001010
01101000010111111101
011100010111101000101111011001000001000010001100001010100001011101110110011101101011010011101001111
110101011001000001110001010000111100000101110000001100
11101010100011110100100011111001011100111101110100100000010101000010010000100001
10110101100101011011010101100101110000100
0100100100010000011001011000010010000001010100101010
101000111110001001000100000011100111000110001100
11000100110111001100
11010010000010001011110101101100011011111110001000100110111000101
0001001100110111110111110111010101010100011100001100111010111010010011100101011111011100011001
0001100100100101100111111000111101001101000001111101010000101101010100000011111111100111001
0100010010000001011100
1011010111111100100000011010110010000011010101110101001110110111111000110101010111
010011101101100011011001001100101101011001
001000011110111110011000011110110110101011101011100010110011001100001110111101001100101010111110000
00110010010110101100111001010001000101100011101000111100001101100011100101011110011111
00111111111110
111111101001000110000000011001101011101111011001001111110110101110
00110001011001110110011010010100101111010000100010111011100
0111010100110000000010101100111101111
10111101101100001111001001110011100001010010111011001011
0010110011101100110
1110011001010000000111111100010100101110000100000011100110011110011
001101011100000010010100110111110010110000
1010011000000101000010010
010010011111001101111011000
101100110001001011011100111001001101101011110001001101000101000100110111001100010100010
011110000010101111010100010110111101000001110010111111010001
01101110100110010111001111011010110100000100110011100001110
0010000101100100101101110100010110000110010000101000000000011110001000110100011010
11010001
11001010001110011110101100110001101110011000100000011111111100000000000
1111010101010001011
011111011110000100010001111111010101010001000100111100101100100000010101110100010100
110000010100011111101101111000000101000001101111001111100
0101101010111111111011011110100001111010010000111100010000100110110011010110101011111
1111110110111110011011011100001101101100111100010101110001100111101011010
10000
11110000001001110110001110001010100110110111011000010100100011101
11011101101110101110010111011100001101000011001011011111110011100101100101001010001100001101010
00001101110010000110111011010001000110000101101000100100111011110100001011100010011011101010001
00101100010010000111010010111100101010010110011
1101111110101100111100111111010111010011110001101000011100011000010100001010000110110011111
001110111111
01001110110011110010001001110010000101101101100100010110110110100101011101001
1100100100100101001001111010010001001111010001011100010111011101110100110101010110001110011001001000
10111110010101011111000000001101000011001010101100011111010011100100100010100100001001110111010101
111001100101111001111000110101110011110101011100111011011100011001000011000111001
1
000111100011110110011011000001100
0110010111000110101011000
0000111111111100
011111001100111010010001101
10100001110001100011011000011110110001110111010100001110110000001011110000001
101111010010100010001001000001001101001101011110000101011101010001110100000000001011010101011000100
00110
00000110111111000110111111110011110110010001011010011001000001110111010000111001000111000101010001
11101101011001110010111101000000010001010111010000001111010011000110000
001110101001101100011110001001101110111001
01111000001111000101011101010100101100101111101001100100010000011011010
01101011010000000101001100011010110
1110010100110011011000010001011010101100100011001110011000101111110100010100100001001111
01110111111010000111100011000100100000001100011110010111100111000111000101111101
00010111001011011101101111101001010100100010010010110000010000111001010110110101101
110110110
01110000100001011011001100100010101110011011100100101001101101001101000000
101011010101000001010010100101010111011011010000101011101100100
10001111001001010000011011111110010010010011010010010101101100001100101101101110011111001000100110
010100011001011101101110101110110110001001100001010110
011100101011001101110100111000111100001000100111110011010101111001
011101110001110101011100110001011010000111110010011
100010000001011000
110
011100100011001101000111110011100000110110111011010100001000101110
110100101000110111101010010111110110111100010010010001111110010001011111
110000001010000010010100011100110100110001010000111110110101100110100111010001010001
0100010100110101101010111000100111110100101010101001011001001101
011010010101011100100100010100001101
1101101010010000
10010111100110100011100101100111011110110000001100000110001001111100011101000101
0100001110110111111111100010101010101110100001101010000011110
000001101101100101100111010001111100110111110011010101010100000011011011011000011100
10100111001000001110000110010101100011101011
111101101011110000001011101000101000100011110001100100101100001010111
111110100100110000000000101000010111110000011111111000110001101000111001000010100101010
101000011001000101111011111000110010000001101100000111001000110101101101111101100101011
0011000101101111111000111110001111101111000011011110111110010100101011111101011000110000
1011101000
1001010100011010011101000111100011011001100100101101110011010010100010100000110111101100011010
001110100111101111110000010000001010010110001110010011110100010100110010
00110101101100000110011111000010100110100001110011100
011011111110111001011001000100010010011101111100001
111010111110
000111110011000001011111110001110001
00111000000000011
10110111101001011011100110010000000101111
10001001111111001101000110101010101001
00010010101000100111001110011011100110100111010000011000
010110010111000000010110011110110001010
1101010101110110010100101010110011001110100100101011001101111001001011
00001111000111100011010010001000101
110000110110001010101010101011100
1100
100000011110111111100010110110000001011
10000100011101
0100101110010000101
1011001111010100111111010111001000010100000101101001011101000100011000
100101000001100011111101100110101100001001100000111100111110001
110101100010010010111101000001011111100000111000000101100111100110011101110111011110
0010110010100000011000111001011001111111101010101001010101101111111000011011101011000100011000
10111001101111101111001000100010111110011110000000111101000001011111001100001100000100011
111110010
111101100000001011101110101011001000101
1101001000110110
11010100110011
010101101101000001111110100110010111000110001011000110001000001101000111100110011110110
0011110010
0101110001111010101100001100101000
10
00101101010111010111111000000101001100110011100101100011100101111001100101111
011010010000111101101001110101000101010000111001011010100
011
1100110010011110110100011010101001000011111101111000111000011100110000010000100011101011
11111
10000000110111001101011011000100101110110111100010100100
00010010110100110110001001001011101011000100000100101001001110100011
0010110000111111101010010101011111000000110011111000
10010100110111110100000011001001010000011000011101001111
1100001001001100011000000010101100011101111111110110101101010101101110010100011101
010
11100101100111110001010001110100001100111000100000001000000001000010010001001110100000
011010001111000000010011100001110100100100111001111101100
111101011001100011110110010011111000011000010111011100010011101
000001010010101010010101110100111110001110111011000001001010011100110110
1011011000101010010011011110010010111111011110000010010111000110000011000100000110001010001
00001100110111100110000
00010111001110100110110010100110010101101011111010000011001000101010100101010
001111010
1001101001110001010001111001101110001111101
010010110010011100000011011010011010001100
0011011100010000001000010010111010101101011101110001110001110001111101000100111111010110000110111
001101100101011001010
001100001010011001100110011001011101010011
11000011001000110001001011101011011010100101000001101000011100011110110
0101110010001111011000110000000011010010001110011100100001011101011110011011001
11000111100000111101110100000000000101011111000100000010101110101011100111110000000111001000
00011001111110000001101010111011110010101111
11111101100010000101111010011101000101000011110101001000010111100001010
0111010011111111011100011000111101000101011
010110100111111110001000011010111110000010001100000010101111
000111011111111
0101000000110111111001111101000000110011011110111101010
1101010
011001101001111001101100100110110101010000100101010001011
100
10010001000001100110010
1011010010110110001110110011001101000001000001001
000110001101001111110100001001
00000110100011000011100011101011111001010000001100111110000001110010100010100101100001110
00110100001001001010101111001100010010110111101001001101001101101
11001110000100111111100100001111
011011011000100010100100110011111100001000110000010000001110111010110011
0110011111110111011011011000110110101011010011110010101
11100010000011111100010001000001001000010101101000000111100000000111011101110000100
011110010000001100100111110
101100010011001110010110111110101000
00010101110011001101100
1001010000000101000100101000011100011111001110101100000110100101000111111010010
1100000100011001111010100100111001011101001111100011010010
11101110111101011001100000011100011100110000000011011101010000100010111011101
00110001010001101010011100111011100010001011111110010111010001111010010010011011101110
101110011
010000101010010011001110100111010110110100100101101011001101
0011100
00100110110111010011101001000100100010111010100010111011111111
010100100100000001010011100011101001011000001010010101100111
0000110101010111010001000100011000100011
000101000111110111010011011101000010100010000110101000101011011110101000001100111000100
111100100
1111010101011110
011111010001111100111010101100011110011
01101111011010101101100101101001
100000111010110110011001110010011110000101010001000111110011001000
111100011111110100110011101011010111111110110000010000101111010011100
1010001100111100001100011111101111001000101101001001110
00100000010100001000000100011100000111000011111101111
001001010100
0000111101010
0010011010001110110011
110111111101001101111111000110101100000000011
1111110010
00111111100110010100010000010011
0010111111110110000010000010000111110101010010111011
01100101100010000001011101101111100111101101011110011010010110011
010110111100010010011010110111001001101010101001
011110000111000100000000100000010111110
11100
01011111100110110101110110101110110100101
0111010010001111100011100111001111000100100000
00110100
000011101011000
1100010111110010001000001100111001101011101111001100101010000000110111110100001110
000001101011000010001110110011110000010001001011110110110100010000100010010110010101101000101001000
001100000101010100110101011011111100011000010110100111111001110011111001010110001010000110011101
00111110110000111010101011010000000001100011010
00101010000110001110101010011011011110111000011000110000101
111000111000101100111110010101101011010000011000001101000010011110010
0011
0010010
110110111101000011011100001010101000000001110011011011100100000111011110001101010100111010100111111
001100110100000011001011011110011011010101100100110001111111111110010110101000000
000000010001110110100011100111101110100
0110101010101100000011100101001010001100100100101011000001011101001000110110110111100
000010000111110110101010001101000111100100
00010011110100000010111011011110001011110011010100100101110000111111011011110100111110000000000
01011111100110111101010111010110100101101
001000110111110110011111011101111110010010
11011001010101111111000110111011100000010111110101010000001001111010100101110011101111101
01000100100000000001000001100111101111000111000110010001001000111001101101011001
1111001110110001001100000111110101111011110101111000100010010110110010100100110101
1111000010010111110111001011
0111111011001101011010110000100011100110101011101011111000101000011110100010001100001011
11100100001001001110110110110111111101010101111011001001000010110101
01010000110001100101001
01000010100001111011
11110011111110001001100110
1100001001001010111110010
101100111011000010100010000101001101001011110110000110101010100100
001101111011
001111111101110111010011010010111011110111110000000011101110111110010101101100001
101010000100
010001111111111101011110000111010000111010001000110100101100011000
1101110111011001101101011010101111101101101100000101110100001001111101000010010010111011
001011100011110001001110111111010100010100101010100000
010010010001101001
1110101111101011100010010101010110000100010001111111111001001100001101110101100011011100
1110101101111101101100010011111
000010001010110101
11011001101001000111000001
0011001001111011111110111111010111111011010100010110
110010001011010010010010001000110011011101000000101010110100
0000001100011100000100100111110001010110001100
000000001001111110001110
0001110000001011010111100110101
0001111010000000101101110010010101000
1000011111011001100111011111110011011111111001100010001001110100001110111111000001000
1100000110010010011010010001011010011100000000111111000001010001011
000111100110010010111101010101011110000
100011100001000010011010001010110001100010100110101110011100111100011011001101001000
1001100111001000100111100001000110100100010111011
00111100111110001111100000011111011001001111000000101010001110110011000011000100
10001111110100011111000001100111110111111111100010001110010110001110010110110001110110010111
1000100110010010111001111111010101010111110110011000010
0011100011010000100011001000011011111100111111001101001000011100100010111001010000000101
001001101011010111011101100011100001111000000000001100110
1100001010101010010101110011110000101110101010111101011111110111010101110010001
111110101101111000010001101001010110000111001
0001100100000101010001110000110000000110010110111101011111010111111111101
010101110110000100001010111101111011101111111000000110001001000111100110010010111010
11011000011010010110001111000011111010010011001010
0001110100011110010101111111011001011110111111010010101100100011110000
111011000011101101110001111001011010011001110110011
001000110010001101011011000100011
1011011010100010001
1001011100101001100011101011
0000000101110011010100111111001111010100111101110011000001010111011010001111100
111100101110001110011110111011001110
00101011100000100011000011011010010101010001100101101111
11110100101000111000000110011010001010011101101100010110000011001110001101100111011111110001111
1100101001101101101001011100000110101000111111111100010110010010010010100111010001000111101111110111
101001011101101010010010101111110100111000101011
0101011001100100111110
00001011010001010001110110001110
1000000001011001000111110001100100101001111101000010110100010011
0000110000001001001001100101110100101000001111001101100001101010010010010011
10011110110110000000100000000
1110010111111000011000001101
100010110010011000110101100111011111100011111100010100010101101100010011111000
100010100000011100010
01110001001001011000100000100110011111001000110001101000111011111001000000001
00000110011110100000111101001111
0011001111001101010000001011001101101011111011011101111001
0000010100011010
0011011111001011011111000110011101110110110001001000000100001110011011001010110111100011001010111010
1000010111000001001000111110111100011001101101000011010100000001111011111101011011011
0010000000000000111000011100000010110101001
0111001000101100011111000011000101101001011101111010100101001001001101000000011001101001011111111
10110001111010011011001000010011001010000101101111110110
100111
000010000001000011000000101110100
01010111110101000100011001001010111101000110000101000111000110
011010001100110110110011001011000
10001010110001011001100111001010011000111000010001010101110000010001111001101111
011111100101101111110001101010011100110
0110101011000001111111111001011001100010001110110110100011100000
1011111111101000111110110011010101010100001101110110111000010001101101111011010010111001101
1011001011001001001110110001100100001101010001
011001101101111111010110101010101010110011100001
011110000
110100000000100110110000110101110100001
10010100000101000010110101101101110101111101000000011100110011010010110001000001100
111110000011110111011111111111010100000111100010011000000110010111000001110100010011001100001110
0110110001100111000110101
0010
010100000011100010000010010111010111010010001111100
00011111001110100111000010001100001100010000000000001000000110
100100
010010100000100000100110000110011011001000110010011101101111100111010111
1101100110101100100010101010011001100101101011010101001010101101100
1101101110010011100011111000111010001000110111000000011001100111000000000110110001
000100111101010110101000110110010001101011010111010010001000011100000110000001110011111001
100000000000110100110001100001111111101010100110111101100100101011001000101000110010001001
10101001010011001001100111010000110011100001
110001110010101010110110011010101001010111010101111101111111101100000011101011001111110001110111
101010000111100011000010101100110001110101001100010110111001010010010110101111101000110111011
1010111001001001001110010101110110101001100100000011010000111
0101001110111
0110101000101010111010111010111010
0111001101110010101110010100110110000011011001101001110000001010001011
1010100001100011011110101101010101100000100011101110101011100001101111010100
10101000001110010011101101010101101110111101111011011001100010101
00000010100111001110001001100110011100111101001110000
1010101001011110101110000100011111100000010111100100001101010000110011110101111111
000001001111011111110110011010111011000100000100111001110000001101011000001000010100110000111
1101010001110001001100111110000010000110001010100011101100100001100
0111101110
101000010001100110010100001110010100010001110011010000
0011000111
00011010111101111001101111101011101101001100110100110111011000010110
0101011010010011110101000011010011101010000110110101000000100011000000101111111
1111
001101001101111010100111010100111
01100000101011100110011111011101110011010101101110100101111010010010101000101110110111010011
1101110010111110011010101101100100101110100010110101111001110110111110
100110000100100100010100011101100000110000001111100000110
11010011101000001111100010101011010001100011000011001110111100011010
00111001101101001110101111000
01011010000101110110101
00101011010010011000111100110011111011100111000100100100110000100010011110111000110001
1101101110100011001111001110110111001010110100110111111
000001011100000000001011011
1101100011101011110010000010111001111010001010000000110110
011110011000101011001100100
1100101100110100000110100111000011110100110011
10000011010000
1100000111011011111000000001101000011100001101110000100111110111011010111010100101110010001001
10000101000111000011001101
110011100000010110000001111010011100111000101011001011
00110001111110100010100000100101110101100010000011001010101010000010101000
0101001001100
100111001011101111100011010101110111100000001110011011100000010101101010011100010001110000111011
01111001110000011011010000000111011101
00110110010101011000100011001100000111000101011110
0110011110011101100111011001110001011110011100111111
10101011101111110101011111110001110001011100100001
00100111010010000101111110101110011000111111101000001001001000101010
1111000110101100111001011101011011010000000010011010001100101100101001101010000110011011
110010000110111011100001010000110110110001111010110111100110000110110101110011
0010111111101000001110001000100011110111111111110011111111110000
10001111110110110100011110111110110001010000101100
011000011010010100001111001011111001110111011100010101111101111101100001011110001000
00110010011000101110001100101101000000100011110001111110
000011001010010100110001001010000101110110011101000011001000
0100100011110011101111010110000110101001100101110011
10100111010100100010101110100111111000010000
11010111000100000010100011111111011100010010101001100001100111010010011010011
011010111010000110000000
001111100001101010011011000000011011101001100
110011011011010111110100001010
11110111000100001010101010110001111111101100000111111001101
10010011110110010101111100101001001101101000001111001011
111111000001000111000100100011001000010110
11110000000101111
100010010011010101100001011110101011110011000001110100
1001011000010010111010000000101011110011011110011011000111011100111101000001100110100001100000
0011011101110000101001100001001100001
111011101010101011010100
111100001000011111101000000100001101101110101110110000001011100001
10101001000011
001001111110110001
101100100010110011000000000010110010011011001011101101110001101011111110111010111
001110000010011111101111100001100000100001011011001100000110101111000101010011110
100011111111100100101111011101011101100111001000101001011110000101110100001100101100
100110101001101011101011001110
00001111011100001101000000001000111011110000001110
0001011110000010001110
0001010010101000011001010111011000101010010110010110010100101010010101000110100101
0011011000101000000100001100001110101110011101001110101001001011100101110100011100100101001011110
110101110011100100110010100010110101101000011110101010101101001
01111011111011010010111010011110011101100011100001
11011
00100010100
011101000101100111011001000101100101011001010101010000100101001011010000111001001
111101011000011111010111110001101000101101001000111110010010101000111010010000100111
11111001000111101100000000110101000110000101000
000110100111100111100010010
11011010000111110100101010010011001000101011111100010010110111110011100011000
011111011110010001000000001100100111101110110100000111101100
111
011101010100000011101011111011001111010100010001110010000110110101011110110010111100
0110101110101111010110011111010111100100
101110011001010000110110101110000100111011111
0011010010101010110000000000
0011110101001101000011111000111010111110110010111001001010110001011001000000100010010100101010110
1111100000101100101101001010001010011001010001010011
0110011011000001001111001110101111101100110111010110010010010111100000110100101
101010101100100100010101101110110111101111110110000001001000
00100111110011000011010100100010111000110001000100000000111110011111101000001111
11000110100001010100000110111001110101101101110111101111010110
001101001110001110110011100001000
001011101000110111100110111010011111011011101101010101010111100011011010
100111000010100000111001111010111000101000100
11111000010100110001000100000100
00110111110010000000111101111110101100000111011001000
1110111000010111100011011110011111111110100110010011000110
1101001111000111111101000000000
0111001010011100111001111000000000100110000011110011100110001000100110110000000100001101
000100
0001101100100000110010100001001110001000
000010011111010101011001010100000010100000010001001011111010111101
10010
0110100001001000000000000010
10110111000010101000110001101101010001111001010
1000101111011001000001010001011100000111011110110100001111110111111100101110011010100110
0000001110000111000001001
0101111001110110000001010011010101010000101100011010000100101000101010011111000
01011111110010111110100111110
01110011001100011001111010011001011011110011010100010001111110101010010111
01100010100111011100111110011100001011010110100010
00111000011101000011000
01010110100000110010101011110100110000100
1100111100011
1000010000000000010000010000001010001100111111110110110110010110
111011101100100110110100000
010101001101100001111001100101011010111110110101
1110110001110100110110111001111010
011101011110011100111111100000001010100011010000111
1000111001001100010110110100110100001111010010111000000011100101110011000001011
0111110010110100100100000001111010001011000111010001
100010000
1001000111100100010100111110011111110100110100111111110000011110101100111010001000000001010011010
11111001101
00111000100110001101110000001000110111
0101101000101010000100011110111010111101100000000110010111101100000001101100001111110110001100000011
001110011110100100011111001011101111101000
11010100010001111100000011101000110001111110100111001110111
010011110000000001011000100101010101101100001010010010110111101
10000110010001010010
1110110111010010111000110101101000000000111111101000101011110110111001
1011100001111010001000010011111100101111011011000000100101111
01101111101100000000000111001101111
11000110101000011010111101101101100000
1100110011000011111000111000101001001000
110101101110010010001010101001001101000011100101
11010100001000011110111100000001011101010100110011101100001111101
010011001011001101111111111100111111000001001111000000000101111001000101111110100110100100110110111
00110011111111011011
1000000001100111110111011010110010110001110
0001101110101100110000100011011001110111010010001000110110010000001001011
01
0111
100100111110111011
111010101110011000100100110110000110001011111
110110
010100001100101010001011110110101100111
010100111000001111001001011100100001001000011110100110011
100000010101110101100101011000
01111000101000100000101110010010101110100101111011000111000000110111000000010
11111101001001010111001101011111
10110101000110001101010111101100011010000010010100111100
1010110110001111011001010001111000000101001011110111100011
10010000101101101101011101000010101000000000110111000101111100010
010001111
00000100101001110010111111001100110010001010100
1111100
0010011010001100111110110011110011111111111100011110100001000011
011110111000110110101101111101100001011001100100111101101010111111
0111001111010101101110111100001010110011
1011110101010110010010010011011111000001000110001011110010001101111111000000101010
01000011010011111
11011100011000001001110111111010100110111010
010001000111111111011001011010101
00110111101010011000110100000011000000100111001011111100010
011110000100000100000000110111111010010010010100111101010000010
1011110001100010110111110010100110011000001001010010000010000100011100
101010111101101111111001010
100101100101100111100101001001001110100101100100010010110100000101011101111010011100
0111100111111101010011101010100010010000000001011001100011100011001101
0000111010110011110001111111000011110101100111
0100010000000110101011001001010100100001010110001000101010111111110001000100
0010111010100000011001111001001000011111100111111
110110111110111100101010111000010000011010111110101100110110110110110110101101
11111001110010000101110110101
110100100001001110000000111011011010101110111010010010111000110010111110010
111010010101011100100100101001100001000100001111011010001001111101100
101110111101111000010
001111111101101011010011001111111100101011111001000
1100100110111101111001110011000110100
10000010011110110110000011001011101101001001011000101110001100111011111000110101010010
001
110010010100110111110100001011100011010111101101100110110100110110111100101010110000000
1011110010001001000010110011110101100001010101111011100001
00011001000011101000100011011110010001111101
10011111100110110100000011011111101
1101010010000100100010110101100100011100001111
111111110010101110010100110101101011101001001011001001000101011010010
01011010010000101001001100111011001101101010000100111111101011110001010110100010100000000011000010
111001111
1001000100011001001110111110000100101
010110001001101011001011101111011100
1111101110011110000010110101111011
10011000100100010010010100010010111001101101101111000110110001000011101011101010000
011111101
11001011000011010111101010000000001101101101100101101011110001101111010000111
01011000011001110000001111010
011110010000011000101101110101101111000010101110001010001100101001010011011110100110110001100010
0110101011100110011
1011100101001010100011111010000000010101101101111111
1010111110010010010000000100001000101000100110110110001101111100000100011010010
01100001111110011101110010101101010000110110100101011010110000100011
111110110111010100010010101110100010011010000101111101000000010100101110001111101011110001110
011111110000110111100000111011001
00100001010111100000011010000010010001111000011000110001100001110001010111
0001101001101111101110000110111011100000100001101
01010001011011001
00110111011110100101011010101011000111100101011000010100000010101101001110001101
111111110110101011100110110000000101
100111111101010111001111001000110100110110100101010
0110101101011101
11001100010110001110101101010011100110111000111101110011010000101101001010000000100
01000001010100101111011110011100001010010110000100100110101
1111100110011000100010000111111010000101110000110110100100000010011011111110001111
1111000001100011010000110010000101001000101011111000100100011010010110010011011101101101110000
00110000001
11000101100010100011
00101001
100000110010
011111110110001001011000000111100100000011011110000001101001001110011
0101001001001100000101110101110000001011011110101010111110011010010010000111100011011
010011001110110101101011110101010110100111001010101111010010000
00010101001000100011110110010001111110111101001110110110101010010
0110100110110000000110010000100111000000100001000111000011
01001000010101010110111000110111011011100101111000011010
000001011010011110001100001011100110011110011001001110100011011011100010
110111100010001000101110000011010110011000101011100000100011010100
00000000111010101001010000000100001101101000001101101010100101111010011010
100001010110001011111011101011
01010100000101110011111111101
0101110001100000111010011100010010011000011100101001
0011011101011001110101
0100111111110001110011001101101001101101111111010101000001000111101000011001101000001101
110100010111000000000011110000001001100111101100
01110011100100101100
00111010000101010011001
1011101010101101110010101010000101001
000000001101001010100101000110111101010101011011000001100001111010110001010001100
00101001110101
0001111100110001101101010110011100100
11110100000010110010
11111101100110000111100101000000000001000000010010001101001100110000011010011000010011010101101
01111111010100000101101011010110001100111001001110010110001010011111011110111
001110101001111100
00111011000000011111101110100111100000100101011
0001010111000000011000000110101011101011111111
100111110010101001010001001010100100110000010100101111110000011101101100000001100010
100101101010010000011101111100010010
011001010001101101100000110011110111011010001100010100001110
1110001100100000110110000011111100001110110000011101000010111110011010101
110111000111001111110111001011101011111100011111011010011001011001011111111
010010000100000011010000010100
00011110101001
100001110011110001
100001010111001
00010100111011110000001100110110101001011110
101000011110100100010001000101111000111001010001101101000001010110
011000100100101000101100000001111001
1110001110111001111101011101010111010101000000101111
000000000010110010110
001010111011010011001001010
0011010100100110110110101000110000111000111101101010010010000100001101
11000000110011011101100110110001001110001001100000110100100010111001110
111100100000111010001010101010100111101001100100
10111000011101001111010010100111101010011010111011001100101011001011110001111
00000001110111001000111111110101101101100001100100000110000100000001111000111110111111000001101
0110100001100001001100100011111
01010111110101000000110101011001000100000100010111010101101100010100110100
0110010111101111011110011101100100010000101110
100101110110
00011001010101000000100000101101001001001111010011010101010010000
00010100111110001000110101000110110110110011100111100011100100111011
00111000111100000010001011000011100110101101110
0100001001111100
0000111101110010101110001011001101001010000011101110101010
00011011111111010000001100001011110010010100011100101101011001000111000010111001011010111
101001101011000000011010110110100010000000110011011001000000100110110111001001
110111
111000000100010011111110100110010011100010100111010000
0111000100011010001000011111001010110101100011
110110110101000000011010001111000110001111001000
0001011001000111110001010100101
10000110
111011110101110111111101101110101100110111100011001000000001111000101100101000110011
0110101110100101000001010110100001001110001001001001000110000110111010011101101111001011011111111110
00100101101100010
011101000001001011010111000001010011010
1100011000010000010110100010110101111000011100110111010100101001110101100010011100
0010000110001101100011001001010110110100000111111000110
1101001010
0011100011110001000011001110010001001011001100101111110001000010000011001010
01101100000000100001110000
0110111001001100101011101010000111000001
001000011111100011110110000001100110000101100011
10011011
1111000001101011110111111010111011100111001110000010100
1010111011
11000001001010100010000101100101101110110000000010111
01000000101011010010001001001100000101100011000001011100101
0111100101110110101110000011001011110100111001101
00110100011011011000010010000100111110010011111000011011101110000110101101100
1011010001111001001100111
0111110010111111111111111001011101000011101
00010010001000000001011111101011001100000101000000101001101110110000001100111010110101010110010110
0100011101011001101011101111000010100100010011000111010111110101
000110010100010110001111
11001000111011001100001010011101110111110110010
00110011100111000110111100101101110
00110101110
011111111100001111
111100011101111111011110110111100101101010011110100100100011101101111000001001
0111111111000010110100101101011001000010010001111010000100100110011
001000011101000100011000101101111110
0111011
100000000101101101100101000111101000011000010101111100011110000110111010
101101001111100001111001010010000101100011
1110001110000000100101010111000101010011011001111010100
1110101001111000000011110010100101011101101011001101010100011001
00000100111011010000111000000001110011101100010100011000010000001010100110011010010010111000111100
010000111011011100101010001000011101011011100110011110000110100001110110
100100011110100000011001001101010100110100
1011111111011100000010001000001011100100100110100011100010101000010111000100101100011000
0011111000010011111100001010001011100011011100111111001010010001101011110
01000001010110010100000100110011101000011111011
101100000000010010100110110101111100011010001001101011011011
10011001111110111010001011110010000101001111111100001
011110100111010000110111101100110001010110000010001100001000010
111011100101010011010000111100000
01110011101000001111001111010011101
10111010000101110111010101010011000001100010110101110000110011011101010
0011100101101111010000001110110100100001000110101011110000110000101101011011110110000010
0101011101101110
0010001001
1010101000111100100111000000111111000010101011101111101110001010001111010011000101110010001010
0111101001001110111100000101010110001001110010001111010110001111100000110111101011110100
001101100011101011100101000110011000010011110110111100100000001011000000100101000011111110100
0101101100101111010011010001011000011100100000110110100001011100011111010000
11000010001110011111100100111111111011101111001
1100010111000011111101110111010001110
111100101010111001111010
00011000001111011010111000101001110101110101010011000111000100101111001110
00111000100101100011101
0100011101100011001011
10010011000010011011110
111010110110110001111110111000010101100110101
000100100101010010011100010110100101011011001010110011011000110111011
001001100111110000100100110110110101010010111010010010001000100101111010000110110010100100001000
10010010000010100001100011001110
111110001111110111000001011111100000110001001111001110110100100100001000111110101111111111100001
10000010011100110001011010010000110110100000111101001
01100000100001110001100010100100001000110100100000100000001
110011110101110100
0011000011111111001111010
11100000000101101100100
01110010101010011100
111000101001101000101111011101110001110111101111010100010001
11110001000001001010
011010100110101011010110010100000010101001001
11000001011110100010110101110100000110101100
011101010000
000101010110100110010111011110111110010101011001001111000000001010110000011
0100100011111101111010100010010110110000101110110010101111011001100000110110001000001100001011011
011111111010111111110011001011011001110010010010110101110101000101100001110111010110110010000001010
11011001101111110100100101111011111010110100101100001101101101001001000110111
100111110111101000001111101000101010101100111111100110100
1010011011111001011011011001110011000011100000011110110010
1000100011111011100101010101100101100110
1011010101100000011110001011111101001100000111011011101110
1111000011111010110001010110110100100
1001110011011010101010010110001011101000100010000110010
10000110000011111000000100100101010001000100110
1011100
100001010101010111101010001001100010110011011010111011101000011100100010
0011101101110
0000110000
1101101
001101000010001100010010001011000010011
000010101110101101110110110111110000001001110111100100110000000100001010
10100000011110111100100000010011100011111011010100000101111101010110001000100100111
011100001100011110110111101101110000000010110111001100
11011101110101000011101000011001101000100
000
111110111101010101100100101100
1100010011010001110
100010000101000000010001111110110010101101010100010110001100101011010
001110110110001000101000
1111110110100000101111110101001100100001010100000010010011001011111001001001001001011000100011011111
10010010
1011010011000111011100110111011111101111110
001000101000011100100100111101000000
0101101101001011100111101011111010000100110111100110010
101110101101110000
1100100000000011110000111000010111010011011101001010100000001011110010000000010101000101010100100
0000101001000111001111000101110110010011110000101011010000001001100110110000010101
100111011001111011000111101011101001100010111101011111100111
00111010110110101101101001111101011011011101111001011101011110100101110010
101100101110010000011110100011011111
1000001000110
10111110111101111101100110101100010100010011111000000001101101100101010101111
010001011000111000010100110011101000101000010101111110101101
00011010101110011011100101000110100110000001111110000
111001111010000001101011010001110010101101011100000010101110110011100011011101010000111000110
0001101100101111010011101011110011111100101100001110100010011101001110000111000110011101011111111011
111001000100001010110111001100000101
010001001000011101111001000111100111011010010
01100110001110000110000001011110111011110101111000111001001110100011000011111010001010100
1100011011110001111100110010111111010011100100110100
111101001110001000011100000110101011
0010101101000011100110001110101100110101011101100110000001100100000010
1101110010001111010100111110100
000010100110011101101111011111001101101011111101100010101100110001100110
111101011111000101011111001101
000111110101011011110110010101011110000001101000111010000001001000
11101110001011101011111100100010011111011
001110000010010110100110010111101001101000001001110011010011001001001
0001101001000110010101100011
00101010111010111100001
0100000010001101100111110010110111111111000101010111101000010
11110101000011111011101001000110000110110111010111011111001110010110110111101010101000010111000010
110001010010101101011011001010111110010010001
11001001000101000101010111000110100110001011010110100101011100
10010111100001000100010110100110
00111001011000100100
010001011100
10010101000111000101111110001101111001100000011110100010000
110110111011000011011111101001010
10100100110100000011000111010011001101011100100100110010100010101101111010101000100110110100010
11101101110
000001010111110000011110011111011001000111001010111000100010100000
111111000001010001100011101010110111100110100100001011000111011011000000011111110101101010100
1000100001100001010000101100101101100110101011000010000111101110101111110000101101110
00011010101111101000100101011111010000000001000110101110101
00001110000111010000
01001001010010001111110110100100101101100101001000111010110
011011111000011
101011110000001101101100000010001011011110001100011001101010111111000111110
101010000110011110001000100110110101001000101110101000100101010011001111111010010011100001110
1011100110011010010010001010001000011101001100010100110001010011101100011011
001111001
1011011001011111011110000000100111001001010100100100101000001101011
00000111011001000111111110101011011100011001000100011101101111010110000100001
000000101100111110101101111110100
11111011110101100
1010111010001000011010100100011101001100011000101000111010000001000111110
11001011110001110101110010110101111010011001001001101110010010111010110110000011100001110111111
10010010001111000100001001101001100110011100000011100
01101010001011
00100100001100111011011101000000010101101010100000110001001011010
00100000011011010010011100001111000101011001001111100101011111110111101011010100
110101111111101010010111010000001101011100011110000100101001101010100000111010
101111001110
00011100101101111
1111000010011011101101010111000011100110111
001000101101011011101110011010110010
1101101100101101010010001000110111011100010110101101000000100100010100101001100001
00010101001110100101101111011111001010111100010110
00111000110110000000101111111100101100110100011101110001111000010000
11100111101101101001010111011111111010
001011010100111100010010011101111111001001100100011011001011010101000011100100100
101011000010100110010110
001111001101101001010010101000100011101000101111001010101011100001000110001101010111100000
1001110111100000001110000110011001000110000000010000111011000111111100011
0010011000111011111001001010000101100
1111110101001100110000011010111110001010110
11110010110100110100000001110111101010111001001100
1100101011010000010100
011010001110011110001111110110101010110001101111000001100110111111101101101000101001011100
01000010000000001110110111010110011001110
111111111101101010100101110011111110011010110001110111010011110001011101000011111010
11101000000110000110011001101100110100100010010101110100
00110100110010110001000001100101101101011001110011110001110
1101111011110010111111101111101011001000101001001101110011010011011111000000011011111101111001111
11010010010101101110000010110100001000
010011010101110000111011100010
10111110011000001100001110010100011111011110001011110000010110100111100111000011101110001000
11011010011111001101
111000111001111110011011001000100111001011110011010000010010001000010010000
0011100010111010010000111110111010101010000111000011001010111010100001001111011
110101010100111001
10001100000010100000111001000001000010001110
011010111101001010101001110000001001010111010110010111011110011100011000000100100
10110011111010
11110100100010011111000101011001001010011001011
00101100101111101110110001100000110110100000010011101101101110100110111010000
0110011000011100111110010001100011110110110011010001111000110
0100110101110100000001001111101011001011111110001100011001111
0111100000011110000111011010110100011000001
11001001111111011111100100011011011010000101111010111010101110100101001110101101
00110001001010000100001110010001101101110000001110
11110101011110001011110100011110010001001001101111
010011011101
1000101011100101011111000001000011111000010000110111000111101100000010011110101110100111110001
0101011000000001101000100000111001100101
10101010010000011101001101101101000000000111111111011011011110001111100101111011100001111010010
10011000010110101011101111111101110010010001111100011100110010111010
01011001110011101001000
01001100001001001011011011101110000111101010100010010110101001000011100100001110011110110
111011010
1000111000001101110101100010111101101110011110111010
0101100100011011001011
0100000010101110101101001000001100001111001010001100100100111111010100101110000100
001111111110000010010101010100
0010000001111100000
1010001111100000000100111001000000100000110010111111100111010011111000101000011110111110
010001010000100110110000000110111101
1011101111000100000001101001101101010011011101100110111110
001101001011000001011
0011000001010100111111011010011101
10000100101000000010101010000001110110010
10000000100000100101100110011101010010010100110000100101
1111100010110000000100010011111100011001000100000001110111000100100010010000100011100111110
011011101000011100011100111011101100000000110001000100101010000011100000100000010111111
000011001010101010010111000010111111010111011011101011000101010001001000110011011110011
011000101001010101101111110111111101100111
0011110110111000101010001001000110001100100001001001000110110100100010111011110101000000111111011
1000011100000010010011011011111010101011001000000110101011111001
010001100101000
011101111110110111111011100000111100001100001101111101100011
001000010001101100000101011100110001100101111010011100111111010001010000010100011010001
11010
110011001101110111011010101000011000111010000100000110110100010010011001001000010000001
11011011010010111101011001010100010000110010010110100
00100110111100101010111011001001011000011101000101010011100111
111101100001001111011111101001111001110010101
11011010110011100010110110111011011
001011011010110000010100101100011011011101110111101100001101100010111110
001101100010110011100001010101100101001
000111110100111111110011
101101101111100000111110000011001100111110110000111100111011000011111111011100101
001100001001111101101101111001010101011100111111101011101011101
10011010010010010011100011011001111011101101000110010001100100100011000010010001101010110111
1000010111001101000010001010110110100110100
0010011110001110111110001001011110110111010100000111111011111110
100111001010100101011110110111001011101100000010001100011001100010010101100110111
101000001011000111110101001000100100010101111101110101110100110000010011100100001
10010100101101111110
10101101010100000101100110000101011000111010100
101101000011111111100111001011101001000111110010010000010011110001
11111100111001010011000110111111101100010111000111000
0110111110001111001101010100100010001011000000111010100010110
110011111101011010111010110001111111010000010010110001010010100101010011101011101001010100010100000
11000101110101000010101111001100111010001111010111111101001010110000001010110010011111000111
01101001111011100010000010110011111000110001110011010011010
0101001011110011000010011001101001100
10011001000101010100011
00110101101001101110101101000
0111111011000001111110001110110110100
010000010111110
010011010010100000001110110101100111010010000010101101011110111011001001111000111011
0111110111000100111101010010110011011010111000101111100101
1010001100001
00100110010010110110000100100011000100000100111001000000
00100111000000000000111101100011111100111001011001010101001000110100
01110
00000011110110011001101110111111111001010110001010110010100101100101001000010010
010001010011100111001101100001010001110001110101100100100100001100101011000111100100110111101101101
1100110110000011101000110101101011111110010011111111100111
1001110000101101111001001100001010010010011010100000001111010100100010001111110011101010110
0100001100100101101000101110101010100100101101100111100100010
000001101110110011010001110011000100100011010000000010111001011000010110100010011110110
111011000001010101011101001001111110010110111011110
00010
00100000
00110001111101010010101001011
111011011010111011000100110010111100100101110100011001110
0101010111110011111101101100000011000100101111010101111011110000001011101011001100111000101110
110100111011001010110011111001110100000110110111011100011111011000011010110100001111010
00101111000100110110100010011100101001000000110010111111101001010101110101101
1110111111010110010011111100010111
001010001101011011101011000101001111101001100001100010111101001011000101110101
010101011101001101001101100001110110101001000110110001101010011110101111110001100011010001
10101011110111111100010111111010011000010110100111010000111000
1010011101010000000110001011101011100111100100011001101111110000001001110100101000011110010
11000010
11100011111110011011111100101101111100000010011101111111000111111010010010000010010100100001010
110010011100001100001111101100110111
00111110000100110011101100110010101100000110011010110111101101111001111010111
00000101010001101000110110111
1011001110001110111100101000011101111010011000001100101100000010011010010110101100010010110011010000
101001100110011010011000100
11010101111110110010000001110
10110110110110000100010010000110011100000111001
11101001001101000000001111000
00101011100000100011011100111011101010100001000100010000
110000010001001001101001111011010010001010011010011111001111101100101100111010010
111001011010100001110100110001010000101110111100110010000011110000100100111011000000
